# N time_ms
# runs_per_n=5, seed_base=42, sim_t_final=5.0, measurement_window_s=5.0, stored_metric=measurement_window, write_output=false
50 1.79
50 0.64
50 0.87
50 0.72
50 0.89
100 1.28
100 1.51
100 1.24
100 1.38
100 1.25
150 1.90
150 1.74
150 1.99
150 1.78
150 1.86
200 2.92
200 2.59
200 2.62
200 2.53
200 2.70
250 3.81
250 3.86
250 3.81
250 3.59
250 3.81
300 5.32
300 5.67
300 5.24
300 5.11
300 5.30
350 7.21
350 7.38
350 7.12
350 7.15
350 7.19
400 10.16
400 9.69
400 9.92
400 9.62
400 9.82
450 20.33
450 20.07
450 19.61
450 18.27
450 19.81
500 26.61
500 26.15
500 26.09
500 26.05
500 27.19
550 31.20
550 30.99
550 30.78
550 29.53
550 30.68
600 32.33
600 33.04
600 37.42
600 46.06
600 33.30
650 39.40
650 39.58
650 44.59
650 39.15
650 38.61
700 49.40
700 49.27
700 49.88
700 49.14
700 48.06
750 60.29
750 62.39
750 62.83
750 63.41
750 60.03
800 78.20
800 80.28
800 79.05
800 78.38
800 78.44
